1.000000000000000000e+00	-3.819786693194077154e-02	1.221588038741872606e-01	-8.398434395745338343e-02	-2.805583106331185905e-02	-5.956509935794582905e-03	-1.817941320703839181e-02	-3.885784769279165829e-02	7.309646478763173749e-02	5.880282115259508058e-02	-3.596209769215753110e-02	-3.656868178849908592e-03	-2.425387508688128455e-02	3.099671215763452614e-01	1.458642752614234539e-01	2.065826129026888669e-01	-1.001201905723301004e-03	-3.299195238035472488e-02	1.827223759160064298e-01	-3.510987114427278899e-02	2.089800867181169919e-01	-1.699388389671984897e-02	-2.189924005943624449e-02	9.560726701711555475e-02	9.247896482959152079e-03	3.303170032079311841e-02	-1.791187506939783194e-02	3.698551970170165133e-03	-2.047257575962002293e-02	-1.391052053005869919e-02	1.979181409941967451e-01	-2.712937488395070207e-02	3.236444871615156149e-01	-4.566427529587292061e-02	-3.119876888800730483e-02	1.499265095521170876e-01	7.597676755611233561e-03	3.013221769698581354e-01	2.772893892831627127e-01	-6.857051473672558933e-03	-2.278802667199325907e-02	-1.573373704245774329e-02	-1.772574294233083755e-02	-1.840527804209327045e-02	3.178481606102744883e-01	2.125936748061316717e-01	7.365724362559668281e-02	-1.102733319108986296e-02	9.143316735144835228e-02	-3.522313364374837080e-02	-7.103712437457590859e-03	1.621824596872797342e-01	1.532460705562105341e-01	-1.092289028218381211e-02	-2.740709462857298176e-02	7.564108038185853033e-02	-5.331118893632038301e-03	-1.144876001821573848e-02	2.817869100816162639e-02	1.566826561830383657e-01	-1.146950927569993436e-02
-3.819786693194077154e-02	9.989999999999999991e-01	-8.105159687786567257e-02	-8.911906991743745454e-02	-4.785180640111036388e-02	-3.798891175847193130e-02	-2.909394883738071827e-02	-3.653029055187290847e-02	-4.621194706754143400e-02	-3.112773851820953633e-02	-4.234487575116899910e-02	-5.556476758148453515e-02	-2.283922038624148707e-02	-3.740094213441272353e-02	-7.375284708005119816e-02	-3.142708234283199398e-02	-3.716917651099458514e-02	-4.728955530190127876e-02	-1.846434165935481597e-02	-4.269004410277696393e-02	-4.386058940070965834e-02	-3.624589181269571164e-02	-2.065781973474675737e-02	-2.747935945432654695e-02	-7.539506071711735147e-02	-7.915312192837574423e-02	-1.684414099470851398e-02	-2.923459592848224459e-02	-2.590709503555345405e-02	-2.862415963909412109e-02	-2.907031332377450414e-02	-2.548824628139555529e-02	-3.738608091222784396e-02	-4.314505756584648827e-02	-3.108887284562241587e-02	-1.943053053090422130e-02	-2.799405876730947512e-02	-2.967395045579098237e-02	-3.559455152835463293e-02	-3.199248399885883803e-02	-2.141206461147913964e-02	-1.478910875183201898e-02	-1.669957056323018857e-02	-3.567239679016330489e-02	-3.123480459547652022e-02	-7.410978032243428770e-02	-6.018019656242614562e-02	-1.037822174628626713e-02	-8.600923706582315476e-02	-3.516907638188939561e-02	-3.308259144938661966e-02	1.120472129212145458e-02	-6.489125322444545818e-02	-1.031002070564148061e-02	-2.577824613362587544e-02	-5.807914190191099113e-02	-3.728715425047972321e-02	-1.080359659780256304e-02	-7.297124530827588107e-02	-2.356905410815604909e-02	-3.135965768290454453e-02
1.221588038741872606e-01	-8.105159687786567257e-02	1.000000000000000000e+00	-1.995913091486857249e-01	-1.601731633592374388e-02	7.566531328896035358e-02	6.613770214526849128e-03	-7.795511494676531095e-02	1.609656157721235936e-01	-5.928149381146354674e-02	-7.770832844464706235e-02	1.190794892059611476e-01	9.898234049703580339e-02	-3.298602730428483454e-02	3.819746334736205395e-01	8.641138571097106702e-02	-6.972093736160910049e-02	-1.045292968599507155e-01	-1.112856901439281988e-02	-7.184092491473331732e-02	2.318368234861924865e-02	1.981897242482545327e-02	-4.658279755286218182e-02	-4.616408308467019606e-02	1.907845083993862101e-01	8.438305140783881192e-03	-3.802898299711790497e-02	3.218576655437421774e-02	1.488133212137654829e-02	-3.419600489583702208e-03	-3.702692723194712238e-02	-5.752677265889666325e-02	-2.965529028821271840e-02	-9.729347503307060607e-02	-4.389475838555791098e-02	-1.968654972004111811e-02	1.673304413265912574e-02	-2.686893691889568822e-02	-3.197742972676629290e-03	-6.797359851179254897e-02	-4.832397508772019734e-02	-3.339186775928805473e-02	-3.297841139664085125e-02	-6.162130176667860587e-02	-2.766381461657304100e-02	2.804421173603874884e-01	1.045733068364680940e-01	9.108563356229923413e-02	2.646735174906002519e-01	-7.484468501275665098e-02	1.144073234089508506e-02	6.226668240417013167e-02	1.478989528471396642e-01	-2.330296645540946149e-02	6.779098113143498805e-02	4.093774483324879448e-02	5.097323459078668267e-02	-2.443729077762996776e-02	3.202114044012811522e-01	-2.951256235295515382e-02	8.246583319506589627e-03
-8.398434395745338343e-02	-8.911906991743745454e-02	-1.995913091486857249e-01	1.000000000000000000e+00	-1.179175470746903764e-01	-9.164135672647398534e-02	-7.122750681625938940e-02	-9.063843312092026427e-02	-1.069350953151432110e-01	5.011202540897388008e-02	2.135368342811114206e-01	-1.077493637883853994e-01	-5.628961863369487395e-02	-5.940532601526249401e-02	-1.745331514135083639e-01	-6.001686799111161097e-02	-8.916636270615975468e-02	4.788743033189608866e-02	-2.923708919443721715e-02	-1.051946753283486552e-01	-6.083030020902654988e-02	-6.603586402187430759e-02	8.597581584715177638e-02	-4.949858931144846680e-02	-1.858385080160582792e-01	-1.310343162833228492e-01	-4.180475256138305173e-02	-7.015286263822019530e-02	-6.256288263203739486e-02	-6.876448777042419580e-02	7.067193761246695627e-02	-5.486347147777705796e-02	-6.149378497915045788e-02	-1.069794143118913410e-01	1.061316661918136964e-02	-2.965892512268378592e-02	-6.596892588527882018e-02	-4.852652290674328017e-02	-6.427959414475820088e-02	-7.740057437670973262e-02	1.945884146351284372e-02	-3.662456609914501587e-02	-4.141535580780331127e-02	-8.800804639259922346e-02	-5.093450318290511369e-02	-1.758987948784512256e-01	-1.475203916679183047e-01	-2.576999146689628456e-02	-2.114819052811311162e-01	1.387291073403536246e-02	-7.938969286172553597e-02	-1.481575756101708441e-01	-1.430901799045471157e-01	2.329082936700549444e-02	-6.242558832341935787e-02	-1.415092567757896547e-01	-8.559202691180269051e-02	-2.686290965043193826e-02	-1.764124359196522773e-01	-2.600925637957004349e-02	-7.571462730419532827e-02
-2.805583106331185905e-02	-4.785180640111036388e-02	-1.601731633592374388e-02	-1.179175470746903764e-01	1.000000000000000000e+00	-4.921944225734888045e-02	-3.872856667550138993e-02	-4.868880179401841729e-02	-2.645240378800865072e-02	-1.623421897612285086e-02	-5.186870353318828730e-02	-3.925826541769877193e-02	-3.040504856587990593e-02	-3.534713901148131554e-02	-1.825189237718874771e-02	-3.541232920450043675e-02	-4.667341445586924153e-02	-6.207174683774277502e-02	-1.165849795746382728e-02	-4.971977438229925605e-02	1.251286840373375675e-01	-4.771938121019043272e-02	-2.751795985086557747e-02	-2.762041108027278938e-02	1.375276865171939748e-02	-3.118293820574946293e-02	-2.245403699137453815e-02	1.248251581369369013e-02	-3.451188792262104010e-02	-3.809569229087687164e-02	-3.455454392580332990e-02	-2.931620556847626749e-02	-3.772509988285736166e-02	-5.745986192487400473e-02	-3.931176298842137262e-02	-1.220632133824455824e-02	-3.611340971405394701e-02	-3.288959943398982178e-02	2.533530561131747062e-04	-4.191779342153456600e-02	-2.852409003805171650e-02	-1.967892277563817668e-02	4.942693931574299038e-01	1.314751369739147746e-01	-3.284658121709590345e-02	1.649238236340274874e-02	1.500474992667405819e-02	-1.387426937204123967e-02	-2.742276174379040116e-02	-4.679101572387779628e-02	-4.379097954308758950e-02	1.260561244797676062e-01	-2.919353881126272518e-02	-1.375709805657455119e-02	-3.433054358292476210e-02	-3.444099907247267708e-03	6.009799934805855684e-03	-1.444635671329069435e-02	2.855805438237287927e-04	-2.864062039104029941e-02	-4.166913850529402330e-02
-5.956509935794582905e-03	-3.798891175847193130e-02	7.566531328896035358e-02	-9.164135672647398534e-02	-4.921944225734888045e-02	1.000000000000000000e+00	6.072665844355423781e-01	-3.864952953795469659e-02	4.355399071963178548e-01	-1.863286496985583698e-02	-1.375188696029837690e-02	3.320956186426953644e-02	4.626522690903011603e-01	5.019708981925347091e-02	1.409989528440957762e-01	1.134341004636650087e-02	-1.935639397557128343e-03	-4.792546148069621453e-02	5.833979406385097349e-02	-3.664469970050614200e-02	6.787002636592344429e-02	4.803221401151945846e-01	-2.182883494612670658e-02	-1.364359420568000969e-02	-2.550051036208094476e-03	-8.534305157769889877e-03	-1.782074187944664156e-02	-2.348304093991462199e-02	5.942352436494787726e-01	6.064981402153613033e-01	-1.724235110460435594e-02	-2.696926450889297264e-02	6.302611455493688231e-02	-4.559679789580611819e-02	-4.917335772667402391e-03	4.028315580928574363e-02	5.859020418621228021e-01	-1.300336519945642470e-02	4.317016794275362751e-02	-2.532026057755741230e-02	-2.264012910026104788e-02	-1.567639789894690813e-02	-1.763889026373213417e-02	-2.969485849249844933e-02	1.034345891588835196e-03	5.168314142652777853e-03	-1.360568905732029675e-02	-1.104327605348114603e-02	-2.077983260533115828e-02	-6.911478676887045525e-04	6.856686522180646115e-01	5.544877699724931608e-02	1.444087684538173100e-01	-1.090991866664951793e-02	5.739613482368951525e-01	-2.562488595101911418e-02	-1.498525236678546887e-03	-1.145260941403226582e-02	-2.541491973254840497e-02	-5.685920189571680959e-03	6.533378103641473977e-01
-1.817941320703839181e-02	-2.909394883738071827e-02	6.613770214526849128e-03	-7.122750681625938940e-02	-3.872856667550138993e-02	6.072665844355423781e-01	1.000000000000000000e+00	-2.959815433659452114e-02	2.267940201249629972e-01	-2.516367282230750832e-02	-3.115387254021895203e-02	4.141548844911613347e-02	3.518119964600518457e-01	6.681459261420780692e-03	6.614637158101795145e-02	-8.560077015710878048e-03	7.998681631032180175e-04	-3.761689514198180567e-02	-9.953724612342628592e-03	-2.801519403000657035e-02	8.057600497545312768e-02	4.451551006266256105e-01	-1.673589149718047661e-02	-2.070131970395581653e-02	2.991191009136891579e-03	-4.329847409567744859e-02	-1.365351897087823882e-02	-2.241443717957278953e-02	5.165903346899215487e-01	7.407710058454141100e-01	-1.790701346003610930e-02	-2.062372433277003675e-02	1.992469413627469266e-02	-3.492088117392976032e-02	-2.427400064054413813e-03	-1.574527228092544029e-02	5.077685273212019235e-01	-1.547468021414136544e-02	-3.446063257568781919e-03	-2.167558597384529329e-02	-1.735254553177051004e-02	-1.196744550598701114e-02	-1.353178304233891051e-02	-1.409114078617755908e-02	-1.446007185299118952e-02	5.142509059455796809e-04	-2.916727065440791883e-02	-8.394643176984692770e-03	-2.401469920594777319e-02	2.108261020671273536e-02	7.935300932681792485e-01	3.458490117796329116e-02	3.963039474072053980e-02	-8.369854653747203430e-03	3.612139280318699130e-01	-3.786169851139374598e-02	-1.881810555306463739e-02	-8.790508210623512383e-03	-6.469501090725243188e-03	-1.350189745184697705e-02	8.127632460555838101e-01
-3.885784769279165829e-02	-3.653029055187290847e-02	-7.795511494676531095e-02	-9.063843312092026427e-02	-4.868880179401841729e-02	-3.864952953795469659e-02	-2.959815433659452114e-02	1.000000000000000000e+00	-4.703222525277764993e-02	-3.164383232182297473e-02	-4.308076172798545878e-02	1.679714547744651232e-01	-2.321484852925160061e-02	-3.802663795114739897e-02	-7.501263662105292496e-02	-3.197039018436697438e-02	-3.779541677246334858e-02	-4.808836471386913891e-02	-1.882268072323055666e-02	-2.391982064060434524e-02	-4.457744532768131290e-02	-3.690063055180121954e-02	-2.101142863856590368e-02	-2.797036423702709690e-02	-7.017818436176588570e-02	4.601654785297305816e-02	6.067649914574521075e-01	-2.973913176931338928e-02	-2.634720385793943784e-02	-2.911940127002786427e-02	-2.955878145689127059e-02	4.882116662238960014e-01	-3.803068721328990709e-02	-1.646279127192789074e-04	-2.749039562196816874e-02	-1.975699124402117979e-02	-2.848387758893741739e-02	-3.019465035198667241e-02	-3.623070925611800858e-02	-3.252795530999647716e-02	-2.178514528455077065e-02	-1.503575042703443956e-02	-1.697016481087470011e-02	-3.630400579538563960e-02	-3.177292556322808270e-02	-7.345864086018943917e-02	-5.817809245168182458e-02	-1.057773378395321200e-02	1.483153867356599431e-01	-3.579039904219526863e-02	-3.364620680264466396e-02	-6.065105156173103418e-02	-6.598259366465555886e-02	-1.050023500296296680e-02	-2.620507365859306090e-02	4.950911463079683827e-02	-3.790194536309092477e-02	1.310526541473326367e-01	3.202366327106528215e-02	-2.395980553082085671e-02	-3.189173119572912690e-02
7.309646478763173749e-02	-4.621194706754143400e-02	1.609656157721235936e-01	-1.069350953151432110e-01	-2.645240378800865072e-02	4.355399071963178548e-01	2.267940201249629972e-01	-4.703222525277764993e-02	1.000000000000000000e+00	-7.586674382159969967e-05	-4.202907953776038701e-03	3.039691289067428248e-02	4.351488527925647110e-01	2.051060727134661754e-01	1.302489869067796624e-01	1.336862670923480712e-01	5.263443109865081904e-03	-5.016750232477375226e-02	1.401552819624607704e-01	-4.528468549708441343e-02	5.952823609628333373e-02	2.832989911023171548e-01	-2.658630248841346161e-02	5.097348959326766099e-02	2.292648741456224104e-02	1.453186925551049231e-02	-2.169138429125153089e-02	1.418718750333277864e-02	2.158444575297031598e-01	2.250202188372026901e-01	1.157858392712635409e-01	-3.282691210447105656e-02	2.128403994106937425e-01	-5.544067554025963740e-02	-2.762652315903943792e-02	9.787513660966253026e-02	2.301209351908019840e-01	1.703164955659796642e-01	2.338298449569008453e-01	-2.129261819680567172e-02	-2.753341655557802609e-02	-1.901267162383404874e-02	-2.148754785122042668e-02	-3.313741667351850773e-02	1.790414675711215486e-01	6.941671639206210831e-02	1.273505787577624941e-02	1.603576210225862997e-01	6.248091767388558315e-02	-2.935526975639078315e-02	2.600459340673245134e-01	4.964469593713472656e-02	1.503777985857109867e-01	-1.325580396001956041e-02	3.603834875924609715e-01	7.111319094248436112e-02	3.188734281538700699e-02	-1.390549133149939290e-02	5.910447585169287948e-02	1.020875937227481434e-01	2.473174432565874992e-01
5.880282115259508058e-02	-3.112773851820953633e-02	-5.928149381146354674e-02	5.011202540897388008e-02	-1.623421897612285086e-02	-1.863286496985583698e-02	-2.516367282230750832e-02	-3.164383232182297473e-02	-7.586674382159969967e-05	1.000000000000000000e+00	-2.623060078107465262e-02	1.859078941728435803e-03	-1.976654820107028726e-02	2.698980825454314614e-01	6.315184500775845866e-02	1.602426055098638003e-01	4.676737281004108258e-03	-2.347966923112713641e-02	1.137869351506818616e-01	-2.984498906898089970e-02	1.334031950582033610e-01	-2.553627385522446239e-02	-1.789601734372445185e-02	1.705589246260017233e-01	-2.265003116328912283e-02	-2.760631955200244098e-02	-1.458032976753419023e-02	6.206769191766677018e-02	-2.243262241848028443e-02	-2.439173194390699406e-02	1.274758000326033924e-01	5.433426224988820163e-02	2.412567828042894991e-01	-3.734690240305363340e-02	-2.684837488112356077e-02	2.577675467012660038e-01	-1.357852876261188106e-02	2.380954085104856899e-01	1.928810609357030359e-01	-1.289112049105341565e-02	-1.857799123037359723e-02	-1.280174551760740465e-02	-1.441055683390251793e-02	-2.327136622876251060e-02	2.303347905373085980e-01	9.453798293391242613e-02	1.033582044340042652e-02	-8.998476056884667160e-03	-3.705305051775942271e-02	-2.969315310708873709e-02	-2.213183044593793752e-02	4.925613666418168085e-02	1.987047181281541008e-01	-8.984347802280594555e-03	-2.231461826651727834e-02	1.010689341171701200e-01	4.403111503037059060e-02	-9.410948828624901910e-03	-3.128538864708526462e-02	8.368120851829100038e-03	-2.674018372184134087e-02
-3.596209769215753110e-02	-4.234487575116899910e-02	-7.770832844464706235e-02	2.135368342811114206e-01	-5.186870353318828730e-02	-1.375188696029837690e-02	-3.115387254021895203e-02	-4.308076172798545878e-02	-4.202907953776038701e-03	-2.623060078107465262e-02	1.000000000000000000e+00	-6.080982788443767273e-02	2.734512274584147834e-02	-1.593413845857255193e-02	-5.997621930136831647e-02	-2.421663504332391414e-02	-3.889691732974003002e-02	5.936131958007954262e-02	-6.546140817768266069e-03	-4.889709013591391623e-02	6.521295769081764115e-02	-5.834508999153983043e-03	-2.432563581805840397e-02	-1.537422103284309151e-02	-8.586398734230589469e-02	-4.898329847810889426e-02	-1.985720217595383918e-02	-3.243272339402438614e-02	-2.813954891842338282e-02	-3.118851923191972783e-02	-2.409320218002676886e-02	-1.983252677867184191e-02	-1.915783032988950876e-02	-5.083098834265142169e-02	-3.638521211946657563e-02	-1.114617053779419324e-02	-2.825659751213322954e-02	-2.173491681402013945e-02	-1.080747654503868074e-02	-3.626601218058936316e-02	4.696855428178251662e-02	-1.738815161506463564e-02	-1.969987757053738922e-02	-4.159476574672392457e-02	-2.219954911432288694e-02	-7.643194416107494671e-02	-6.821606456201899371e-02	-1.218239364780480949e-02	-9.584152856533124931e-02	9.118427977894609515e-02	-3.586088694643072700e-02	-6.279563956823058790e-02	-4.868606749542721268e-02	6.526684476010816138e-02	2.403906220249715092e-03	-6.053099033236190168e-02	-3.749707758694307419e-02	-1.281138386370794281e-02	-8.408921941722063975e-02	1.813257903610729360e-02	-3.422593888249283317e-02
-3.656868178849908592e-03	-5.556476758148453515e-02	1.190794892059611476e-01	-1.077493637883853994e-01	-3.925826541769877193e-02	3.320956186426953644e-02	4.141548844911613347e-02	1.679714547744651232e-01	3.039691289067428248e-02	1.859078941728435803e-03	-6.080982788443767273e-02	1.000000000000000000e+00	2.724352853501699201e-03	-4.065749798915576502e-03	8.665469443511673864e-02	-1.350920861166280892e-02	-4.603461373973020965e-02	-7.078147425128181180e-02	7.986375840767461279e-03	-5.921978175977032216e-02	-3.954208223821788215e-02	-2.431764043577194258e-03	-3.190627755001804872e-02	-2.521384652401395879e-02	2.593396489585543876e-02	-3.431757692620419908e-02	1.117715985423277103e-01	1.290418598092015964e-02	2.111439747204119435e-02	4.245426963208619175e-02	-1.421397278521385060e-02	4.090030172649290058e-02	-1.416355045350049455e-03	-6.660232027374266006e-02	-1.237955769710172640e-02	-3.252463417815358408e-03	2.029919997649986055e-02	-3.080451441730173816e-03	2.012057451272717193e-02	-4.509502943579900974e-02	-3.313693121975701955e-02	-2.283443603056268395e-02	-2.580826550895259225e-02	-3.536546324647358436e-02	-1.419184622399478945e-03	9.723767965514809597e-02	-1.545173007642285296e-04	3.000145175540405371e-02	9.962501892363667677e-02	-4.951516870561290667e-02	3.533515939509121462e-02	7.279498306628623405e-02	6.852442443822182039e-02	-1.606373158812425539e-02	4.180323312331355769e-03	5.077218107392615642e-02	-3.077508351456612057e-02	-1.681668966762910750e-02	1.556255388742820989e-01	-9.162815168958676412e-03	3.953397774286906280e-02
-2.425387508688128455e-02	-2.283922038624148707e-02	9.898234049703580339e-02	-5.628961863369487395e-02	-3.040504856587990593e-02	4.626522690903011603e-01	3.518119964600518457e-01	-2.321484852925160061e-02	4.351488527925647110e-01	-1.976654820107028726e-02	2.734512274584147834e-02	2.724352853501699201e-03	9.959999999999999964e-01	-2.376079763146704549e-02	1.126854122014019355e-01	-1.997417151915998473e-02	2.515415222381622157e-02	-3.003721752265523653e-02	-1.174477333023887099e-02	-2.714806039715787073e-02	7.182425925446827772e-03	3.934215749861033617e-01	-1.311135225479785095e-02	-1.748087995141746689e-02	-2.465024589308206435e-02	1.439759774098832608e-02	-1.071313070379736714e-02	-1.857467742980645903e-02	9.382779472313712565e-02	3.378733681044731596e-01	-1.846588137344382097e-02	-1.617729771302441055e-02	-2.376598776143452538e-02	-2.740264393766074155e-02	-1.425125351665028350e-02	-1.236243915713705795e-02	7.483006708151947184e-02	-1.886065999320349004e-02	-2.263020247753102718e-02	-2.030431972390574213e-02	-1.362816704043488467e-02	-9.383548758234026149e-03	-1.061586476268784780e-02	-1.399557417175584760e-02	-1.985328672215170426e-02	-2.908949440139660739e-02	-3.825381269333258394e-02	-6.607652611484649691e-03	-4.839685694718550563e-02	-3.474510627135972592e-03	2.640927967930990494e-01	-1.224707134893717256e-02	6.682040999953578475e-02	-6.574287830072394340e-03	4.266092250576620226e-01	-3.694689631232869059e-02	-2.371329541329563612e-02	-6.891937277086977384e-03	-1.794424234460382378e-02	-1.495112872787736358e-02	2.989749346325040191e-01
3.099671215763452614e-01	-3.740094213441272353e-02	-3.298602730428483454e-02	-5.940532601526249401e-02	-3.534713901148131554e-02	5.019708981925347091e-02	6.681459261420780692e-03	-3.802663795114739897e-02	2.051060727134661754e-01	2.698980825454314614e-01	-1.593413845857255193e-02	-4.065749798915576502e-03	-2.376079763146704549e-02	1.000000000000000000e+00	1.030840900601894816e-01	5.278927154003493216e-01	5.529185772527412529e-02	5.583612678679349215e-04	4.278751343653348638e-01	-2.595125108586740503e-02	3.383661446248193427e-01	1.466260728066599503e-02	-2.148475969597587326e-02	3.599448359577032130e-01	-3.033947740929664183e-02	-4.203957119168081485e-02	-1.753413194393810964e-02	4.529885865054565641e-02	-3.742564350029479233e-03	1.144844859711301871e-02	4.998682837560314285e-01	6.689928261563909961e-02	8.845408281412856510e-01	-4.444541785374896137e-02	-2.828709498764019753e-02	4.389675330992137137e-01	6.331887953391372725e-02	7.800165447045901423e-01	7.059718955690768016e-01	3.122606756283459808e-02	-2.229467290299441337e-02	-1.536383334234198324e-02	-1.739650385398933130e-02	-1.910865386383257467e-02	8.215987869043398506e-01	8.631530743256407567e-02	5.272253570278068874e-03	-1.080179192110813577e-02	-3.191342127678753471e-02	-3.137231551860758527e-02	4.032735272004349392e-02	8.628116659786377873e-02	3.012616660173137451e-01	-1.075427050706997956e-02	-2.682316415067358129e-02	1.209377737006538805e-02	9.069673008291732896e-02	-1.125666166315132492e-02	-5.059095284100838252e-02	3.382091246016430963e-01	2.145258658178563621e-02
1.458642752614234539e-01	-7.375284708005119816e-02	3.819746334736205395e-01	-1.745331514135083639e-01	-1.825189237718874771e-02	1.409989528440957762e-01	6.614637158101795145e-02	-7.501263662105292496e-02	1.302489869067796624e-01	6.315184500775845866e-02	-5.997621930136831647e-02	8.665469443511673864e-02	1.126854122014019355e-01	1.030840900601894816e-01	1.000000000000000000e+00	7.844414506284130839e-02	-5.020346845348701986e-02	-8.623760524916085357e-02	3.662113495256151541e-02	-6.002065571111924597e-02	1.066629931521776570e-01	4.978931596729107428e-02	-4.242393664867454700e-02	4.427847987507378680e-02	1.268163312028634526e-01	1.238099829830692326e-02	-3.459978345448582598e-02	8.267134894448094351e-02	3.497140342917501310e-02	4.438260387036646604e-02	1.383658591316205312e-02	-2.257131356357614915e-04	9.747001806128186008e-02	-8.849275665291964077e-02	-4.954544363857295991e-02	4.964198359962775781e-02	4.595468787875536809e-02	5.587957714908129564e-02	1.056039096448939257e-01	-5.500812167244914508e-02	-4.389654479878749016e-02	-3.035227474822264210e-02	-3.425332334711242432e-02	-4.791195069885161723e-02	5.965277098319227839e-02	2.530891465302375631e-01	4.884707962251039898e-02	-2.135442174973283327e-02	1.181687720213594195e-01	-6.454051502381796812e-02	6.042236148973809118e-02	1.282232139860070841e-01	2.899794957687975572e-01	-2.109291286450127451e-02	6.951479476043072314e-02	6.123230708328052802e-02	6.866383182292341847e-02	-2.226217940621734795e-02	1.707823734726612863e-01	-4.708971322228786352e-03	5.774227876547165239e-02
2.065826129026888669e-01	-3.142708234283199398e-02	8.641138571097106702e-02	-6.001686799111161097e-02	-3.541232920450043675e-02	1.134341004636650087e-02	-8.560077015710878048e-03	-3.197039018436697438e-02	1.336862670923480712e-01	1.602426055098638003e-01	-2.421663504332391414e-02	-1.350920861166280892e-02	-1.997417151915998473e-02	5.278927154003493216e-01	7.844414506284130839e-02	1.000000000000000000e+00	3.270709754480651682e-02	-1.554876145624326661e-02	2.318739684449421246e-01	-2.779625188534603358e-02	1.694795229012406312e-01	-3.818922301731487653e-03	-1.805339513813501717e-02	2.008057255175703104e-01	7.918070879259736516e-02	-4.863056870499574136e-02	-1.474361414002540310e-02	1.720493994566279355e-02	-1.232306331740132092e-02	-2.825868011503883826e-03	3.663890447907834913e-01	-2.230011837112773690e-02	5.396278239082417105e-01	-3.754230205574407564e-02	-2.438578942115003298e-02	3.131808743133671635e-01	1.951514386265633741e-02	5.645945051571201745e-01	4.557078039977005002e-01	1.231896327083116006e-02	-1.876269887122100286e-02	-1.291537669066821284e-02	-1.462735044440501703e-02	-2.003663859565411182e-02	5.538065933405669217e-01	7.335847241678547515e-02	-4.198101994694871698e-03	-9.083646028818146562e-03	2.515695651375168297e-03	-2.825911961607909320e-02	7.565349683336606776e-03	3.608952313882927976e-02	1.368749255186734737e-01	-8.957603677590844291e-03	-2.255606861442301103e-02	6.567050323747933467e-03	2.924183990237244971e-02	-9.572522644741681894e-03	8.922747451580702316e-02	2.139468802459309482e-01	4.066822808886700778e-04
-1.001201905723301004e-03	-3.716917651099458514e-02	-6.972093736160910049e-02	-8.916636270615975468e-02	-4.667341445586924153e-02	-1.935639397557128343e-03	7.998681631032180175e-04	-3.779541677246334858e-02	5.263443109865081904e-03	4.676737281004108258e-03	-3.889691732974003002e-02	-4.603461373973020965e-02	2.515415222381622157e-02	5.529185772527412529e-02	-5.020346845348701986e-02	3.270709754480651682e-02	1.000000000000000000e+00	-4.424071545773539116e-02	2.886708973592551700e-02	1.503538702505955935e-02	-8.025232461368566814e-03	-7.392228820477035091e-03	-2.134466280884837752e-02	1.515832034542183293e-01	-6.767928127288876106e-02	-7.424259368997583597e-02	-1.742147115796087095e-02	-1.083019749452152590e-02	-2.163932728130629757e-02	-2.008889916254153959e-03	3.195566601774659649e-02	-2.637129512191768721e-02	5.884505195288387835e-02	-4.456477259865586349e-02	-3.163057106068756924e-02	3.618495851452113721e-02	-1.748697667472711575e-02	6.549445873039833055e-02	4.728558193190977865e-02	1.234079074846385488e-01	-2.214137363234237529e-02	-1.524827338658986745e-02	-1.724426242639429119e-02	-1.220636456489375410e-02	6.647662755236460885e-02	-5.842396286680585915e-02	-4.986059948884302012e-02	-1.078354073458491491e-02	-8.237626145298231062e-02	-3.431404771890481098e-02	-7.841614184004223539e-03	-4.337710508557084121e-02	-2.767243669533229686e-02	-1.064003341277522038e-02	-3.407444949947660388e-03	-4.237850895359006331e-02	-2.773912978248814151e-02	-1.119522823376311801e-02	-6.883226987723956025e-02	1.450734697986767220e-02	-5.151118534721253056e-03
-3.299195238035472488e-02	-4.728955530190127876e-02	-1.045292968599507155e-01	4.788743033189608866e-02	-6.207174683774277502e-02	-4.792546148069621453e-02	-3.761689514198180567e-02	-4.808836471386913891e-02	-5.016750232477375226e-02	-2.347966923112713641e-02	5.936131958007954262e-02	-7.078147425128181180e-02	-3.003721752265523653e-02	5.583612678679349215e-04	-8.623760524916085357e-02	-1.554876145624326661e-02	-4.424071545773539116e-02	1.000000000000000000e+00	-1.998025857547727335e-03	-5.513791332265351175e-02	9.749228845789407669e-03	-4.594549484518851978e-02	-2.718017761725564918e-02	-1.259085522880802263e-02	-9.717827039679487189e-02	-5.551216390208288387e-02	-2.217447498875145875e-02	-3.430905917266567628e-02	-3.409060145809950787e-02	-3.644109475643359658e-02	-1.175095382368198174e-02	-2.390960403841276352e-02	1.485219707457464434e-03	1.251315602445910412e-02	-4.085168821852560445e-02	-6.549733252698832636e-03	-3.305921203393373531e-02	2.185212564156787003e-03	-9.171146665866651559e-03	-3.867337083283032412e-02	1.349826458547947194e-01	-1.946029058090151601e-02	-2.196706452992248579e-02	-4.597194219595631542e-02	4.255766981527112428e-03	-8.777050373970468611e-02	-7.671852680971585903e-02	-1.366743314210649637e-02	-4.289406665118120771e-02	-6.081203197520326786e-03	-4.012050957280090258e-02	-7.408459335278132218e-02	-6.346299555257725600e-02	-1.355137589668790714e-02	-3.391894963165420496e-02	-7.376511569839583338e-02	-4.103185780216174472e-02	-1.424937098267584773e-02	-9.494642094780771091e-02	-1.153074578202497973e-02	-3.910570422348896846e-02
1.827223759160064298e-01	-1.846434165935481597e-02	-1.112856901439281988e-02	-2.923708919443721715e-02	-1.165849795746382728e-02	5.833979406385097349e-02	-9.953724612342628592e-03	-1.882268072323055666e-02	1.401552819624607704e-01	1.137869351506818616e-01	-6.546140817768266069e-03	7.986375840767461279e-03	-1.174477333023887099e-02	4.278751343653348638e-01	3.662113495256151541e-02	2.318739684449421246e-01	2.886708973592551700e-02	-1.998025857547727335e-03	9.459999999999999520e-01	-1.499554019866625176e-02	1.219565216725058826e-01	1.822721885909355660e-02	-1.065974302800646971e-02	1.347970570366277820e-01	-1.349960343259340445e-02	-2.717672411084089482e-02	-8.678277302705792590e-03	6.059981318616517593e-02	-1.333699316231297394e-02	-8.027285650222161159e-03	1.317360325069689697e-01	-1.313623669202476120e-02	3.991206483803863003e-01	-2.193961435825748582e-02	-1.600533949931928074e-02	5.529597132099045576e-01	6.044467385324767822e-02	1.935326727518721091e-01	5.139173282386063635e-01	1.813553776811622359e-02	-1.106334895824251721e-02	-7.598022540888666604e-03	-8.632070955787806907e-03	-7.760804331169162025e-03	3.498008820177153644e-01	3.548667304249923660e-02	-2.904760045410895251e-03	-5.389589888496688734e-03	-4.041790594990883785e-03	-1.283853418013461249e-02	4.260482546678288039e-03	6.784085430405362160e-02	9.781936090385952298e-02	-5.361493692524870076e-03	-1.327444224967068778e-02	3.500008633760279264e-02	7.564353196945726443e-02	-5.570039018269342355e-03	-2.706760757337128148e-02	1.912394317538600452e-01	-2.740113337967979741e-03
-3.510987114427278899e-02	-4.269004410277696393e-02	-7.184092491473331732e-02	-1.051946753283486552e-01	-4.971977438229925605e-02	-3.664469970050614200e-02	-2.801519403000657035e-02	-2.391982064060434524e-02	-4.528468549708441343e-02	-2.984498906898089970e-02	-4.889709013591391623e-02	-5.921978175977032216e-02	-2.714806039715787073e-02	-2.595125108586740503e-02	-6.002065571111924597e-02	-2.779625188534603358e-02	1.503538702505955935e-02	-5.513791332265351175e-02	-1.499554019866625176e-02	1.000000000000000000e+00	-2.657580038417398788e-02	-3.826603751336250109e-02	-2.454814341892013960e-02	3.579671565614341022e-02	-3.574622591098690350e-02	-3.627462346066429727e-02	-2.003502904045581512e-02	-6.675186957201651762e-03	-2.310971268828955830e-02	-3.013645193897502433e-02	-2.565737092090123947e-02	2.862370994348536601e-03	-2.591186108093947171e-02	-4.839306221211532588e-02	-3.663459824468911358e-02	-1.688307881225620255e-02	-2.346062287676075817e-02	-2.202370826371263454e-02	-2.395553658271791855e-02	7.310577544315808966e-03	-2.546101518315018256e-02	9.047609592412558799e-02	-1.985456967814890061e-02	-2.232866084850339966e-02	-2.316905229074434427e-02	-7.397376602429305004e-02	1.341181003594354992e-02	-1.237076085972204503e-02	-9.124460714318519128e-02	-4.134807476152522338e-02	-3.042700627216042564e-02	-6.301073598062728598e-02	-2.455082271248103590e-02	-1.228256434226462912e-02	-2.690952578406105578e-02	-2.614030041692278969e-02	-2.381717198770023219e-02	1.394238314125857518e-02	-5.985653321637075114e-02	-2.143070250237917238e-02	-2.974560560785558319e-02
2.089800867181169919e-01	-4.386058940070965834e-02	2.318368234861924865e-02	-6.083030020902654988e-02	1.251286840373375675e-01	6.787002636592344429e-02	8.057600497545312768e-02	-4.457744532768131290e-02	5.952823609628333373e-02	1.334031950582033610e-01	6.521295769081764115e-02	-3.954208223821788215e-02	7.182425925446827772e-03	3.383661446248193427e-01	1.066629931521776570e-01	1.694795229012406312e-01	-8.025232461368566814e-03	9.749228845789407669e-03	1.219565216725058826e-01	-2.657580038417398788e-02	1.000000000000000000e+00	2.420356537206703670e-02	-2.519739595733378260e-02	1.691186515210788555e-01	-3.773117556196559780e-02	-5.640006967517618985e-02	-2.056456812469067280e-02	-1.261921137488647426e-02	2.454289060386678420e-02	4.894833637173394425e-02	1.536675179905293287e-01	5.824568643425750286e-02	3.276082952656804159e-01	-5.247447547218679620e-02	-3.420318347864003544e-02	1.623367550415310556e-01	5.089715437509537144e-02	2.581316498256520098e-01	2.242348126974325617e-01	-1.567857506009327773e-02	-2.613009029826350929e-02	-1.800760619557040254e-02	-2.035963001301062045e-02	-6.205065367318646913e-03	2.641118178215798307e-01	6.419040724184911506e-02	1.892708930179091975e-02	-1.268121138880046184e-02	-3.841222157068863857e-02	-3.522156406782904481e-02	7.225056717211100765e-02	9.516494884149698241e-02	2.358767162735003198e-01	-1.257467251249345767e-02	-1.074516576624442478e-02	-4.491074477029981249e-02	3.031170528561746846e-02	-1.314990581970882332e-02	3.880548763582376132e-02	8.172765692237803081e-02	6.651647715271985506e-02
-1.699388389671984897e-02	-3.624589181269571164e-02	1.981897242482545327e-02	-6.603586402187430759e-02	-4.771938121019043272e-02	4.803221401151945846e-01	4.451551006266256105e-01	-3.690063055180121954e-02	2.832989911023171548e-01	-2.553627385522446239e-02	-5.834508999153983043e-03	-2.431764043577194258e-03	3.934215749861033617e-01	1.466260728066599503e-02	4.978931596729107428e-02	-3.818922301731487653e-03	-7.392228820477035091e-03	-4.594549484518851978e-02	1.822721885909355660e-02	-3.826603751336250109e-02	2.420356537206703670e-02	1.000000000000000000e+00	-2.079631222509594271e-02	-1.729834910890671804e-02	-4.079185781142666972e-02	1.862627166200337969e-01	-1.702698575002264958e-02	-2.464699304180243550e-02	4.163736674780484925e-01	4.619625825251941764e-01	-1.241187516316719780e-02	-2.571740710723294590e-02	2.203191311563215335e-02	-4.352127397287563343e-02	-1.195521418713573966e-02	5.510503767989459283e-03	4.009931341874879429e-01	-6.622911363801577828e-03	9.890806666668156694e-03	-2.744780826125686052e-02	-2.160001508294795772e-02	-1.488584868983538166e-02	-1.685774100478634394e-02	-2.916744840984454232e-02	-3.580880434926331647e-04	-3.400826010217863210e-02	-4.581252739475258351e-02	-1.045555926561629601e-02	-4.917656598368822657e-02	1.981043845923923241e-01	4.947632795308639087e-01	-3.672822630897531766e-03	5.119495630767238736e-02	-1.042364516877929657e-02	4.430355907973240748e-01	-4.895353999517236543e-02	-2.596658423255242959e-02	-1.095092725815795080e-02	8.283343053933555841e-03	1.276539637882042055e-01	4.816555701705080850e-01
-2.189924005943624449e-02	-2.065781973474675737e-02	-4.658279755286218182e-02	8.597581584715177638e-02	-2.751795985086557747e-02	-2.182883494612670658e-02	-1.673589149718047661e-02	-2.101142863856590368e-02	-2.658630248841346161e-02	-1.789601734372445185e-02	-2.432563581805840397e-02	-3.190627755001804872e-02	-1.311135225479785095e-02	-2.148475969597587326e-02	-4.242393664867454700e-02	-1.805339513813501717e-02	-2.134466280884837752e-02	-2.718017761725564918e-02	-1.065974302800646971e-02	-2.454814341892013960e-02	-2.519739595733378260e-02	-2.079631222509594271e-02	9.479999999999999538e-01	-1.582593540032996293e-02	-4.339280246691643722e-02	-4.543931253129607911e-02	-9.674008065027968686e-03	-1.682672839097914055e-02	-1.488591197788960430e-02	-1.643950835482519551e-02	-1.669149254877637725e-02	-1.464146612480455786e-02	-2.148263876951791995e-02	-2.478081881044510992e-02	2.996330386378251998e-01	-1.119122592305231249e-02	-1.606635836909614534e-02	-1.705461694220770583e-02	-2.045463112386106466e-02	-1.837281120917290747e-02	-1.238484599812880033e-02	-8.498202511653472901e-03	-9.642560416175985707e-03	-2.049216216774474991e-02	-1.795937962759125081e-02	-4.257382552871118858e-02	-3.459449561819773200e-02	-5.962894816757245871e-03	-4.941704556019206607e-02	-2.022975097189713689e-02	-1.900790081363823089e-02	-3.561065038533643701e-02	-3.733315123122520757e-02	-5.958290672209027791e-03	-1.478980276551861150e-02	-3.343247577830064932e-02	-2.136197962478699267e-02	-6.212841249950822389e-03	-4.186201382204722543e-02	-1.351932430849124567e-02	-1.801571874383314092e-02
9.560726701711555475e-02	-2.747935945432654695e-02	-4.616408308467019606e-02	-4.949858931144846680e-02	-2.762041108027278938e-02	-1.364359420568000969e-02	-2.070131970395581653e-02	-2.797036423702709690e-02	5.097348959326766099e-02	1.705589246260017233e-01	-1.537422103284309151e-02	-2.521384652401395879e-02	-1.748087995141746689e-02	3.599448359577032130e-01	4.427847987507378680e-02	2.008057255175703104e-01	1.515832034542183293e-01	-1.259085522880802263e-02	1.347970570366277820e-01	3.579671565614341022e-02	1.691186515210788555e-01	-1.729834910890671804e-02	-1.582593540032996293e-02	1.000000000000000000e+00	-4.420924486937512915e-02	-3.929080381440658992e-02	-1.289895775318301678e-02	6.589383226522161144e-04	-1.983143074107624609e-02	-1.581291325395926817e-02	1.788034322393369790e-01	8.695085138415005466e-02	3.282809185438176902e-01	-3.294308610051416286e-02	-2.282291863175802543e-02	1.945071734058999302e-01	-3.787754878803054146e-03	2.869435669811198908e-01	2.379895836303148604e-01	9.550003785046409788e-02	-1.636460174584736249e-02	-1.130062435661650239e-02	-1.277963857703444395e-02	-2.182608249877410894e-02	2.789170716857626853e-01	3.971213577196981009e-02	-2.331459522977643792e-02	-8.017748196336979549e-03	-4.577636594767327954e-02	-2.580603341557539607e-02	-1.378503336770860871e-02	8.978588789468115033e-03	1.690011321901372099e-01	-7.901120260770975318e-03	-1.975166692788446129e-02	-1.211060499228769523e-02	5.287720425003613473e-02	-8.318448430439995267e-03	-4.618522694520967725e-02	9.344966627058658160e-02	-1.576499623765065250e-02
9.247896482959152079e-03	-7.539506071711735147e-02	1.907845083993862101e-01	-1.858385080160582792e-01	1.375276865171939748e-02	-2.550051036208094476e-03	2.991191009136891579e-03	-7.017818436176588570e-02	2.292648741456224104e-02	-2.265003116328912283e-02	-8.586398734230589469e-02	2.593396489585543876e-02	-2.465024589308206435e-02	-3.033947740929664183e-02	1.268163312028634526e-01	7.918070879259736516e-02	-6.767928127288876106e-02	-9.717827039679487189e-02	-1.349960343259340445e-02	-3.574622591098690350e-02	-3.773117556196559780e-02	-4.079185781142666972e-02	-4.339280246691643722e-02	-4.420924486937512915e-02	1.000000000000000000e+00	4.755046000026003777e-02	-3.536623354095939920e-02	1.730572500525844604e-01	-2.353873946466671085e-02	-1.003066088173446002e-02	-3.468828559476028889e-02	-5.343053616493265157e-02	-2.561222366379625748e-02	-4.150108411703602729e-02	-3.746663381634249973e-02	-2.407711757833195382e-02	-2.051799588797356688e-02	-2.546519611470470304e-02	-2.345010553069669726e-02	4.434387263544625930e-03	-8.482598998127312620e-03	-3.100049101225861234e-02	-5.388720640612461137e-03	-4.940431509086786604e-02	-2.563967976612268468e-02	1.412247957057987668e-01	3.901593219439479232e-01	4.899006483611656471e-02	6.906005526106749615e-02	-7.021225390465833660e-02	-1.250342987005546337e-02	1.181467459152618776e-01	6.453518293863537425e-02	-2.162088979191838581e-02	-3.966622382714403428e-02	2.001616474759933262e-01	3.095048534020861664e-01	-2.259239635413256425e-02	9.683937925400169788e-02	-2.635662717580027417e-02	-8.727734895109461391e-03
